55
70
51
18
47
0
189
214
163
213
217
208
38
62
23
41
64
31
115
139
88
23
50
4
44
61
17
33
53
17
22
42
14
73
89
62
34
53
22
62
84
45
38
53
30
32
49
21
37
51
25
35
48
18
67
84
52
85
115
39
124
150
80
72
94
49
87
102
46
58
78
51
43
65
27
44
65
33
20
38
12
35
49
23
32
55
12
28
48
12
63
84
52
41
63
19
53
77
26
75
92
65
24
39
11
72
92
57
37
64
13
30
61
5
53
75
41
55
84
27
108
138
87
101
141
68
40
80
11
41
71
12
26
47
14
86
101
58
136
173
91
10
26
2
37
63
25
21
50
3
58
94
19
246
249
237
80
105
66
36
51
28
44
61
31
34
49
18
35
58
14
48
70
24
43
63
28
24
34
15
40
48
26
107
115
91
37
50
22
43
53
26
40
66
21
55
79
23
44
70
24
29
44
22
77
112
45
40
63
34
69
92
38
34
46
26
