46
67
28
53
82
26
44
59
44
33
58
4
74
80
46
32
44
20
70
88
48
19
47
0
119
162
53
133
176
56
142
176
82
117
136
104
85
103
61
31
65
5
26
41
14
45
61
35
47
62
33
27
41
15
50
67
35
29
49
13
19
35
7
43
55
30
48
69
30
41
57
38
58
73
48
46
66
33
160
192
93
68
85
54
35
51
22
30
46
17
32
49
13
23
38
8
34
51
9
45
65
35
24
43
13
80
97
65
35
63
14
55
85
25
24
50
16
25
52
6
41
64
28
37
64
18
42
63
28
82
123
28
104
152
42
168
224
55
104
130
82
81
121
55
42
70
19
94
143
32
244
248
232
34
59
10
51
74
32
37
54
22
70
86
57
30
46
18
34
51
18
32
49
15
27
44
11
59
69
49
67
73
55
27
40
10
50
67
36
38
62
14
39
68
12
41
67
19
45
60
37
40
59
31
65
86
51
41
68
13
54
76
33
47
66
33
