13
28
7
30
39
10
20
33
15
22
35
7
39
52
14
99
115
87
48
62
26
39
49
25
8
15
2
36
48
26
41
51
18
91
99
63
27
34
20
45
60
29
45
64
34
176
193
161
22
37
8
42
54
37
42
57
36
30
47
15
37
47
25
43
55
33
30
43
24
34
47
27
14
31
12
30
42
18
69
67
52
118
112
88
110
102
89
87
79
64
91
82
73
45
41
34
51
46
42
66
61
55
83
69
58
141
113
97
121
87
64
146
106
81
146
106
70
133
95
58
159
129
76
114
108
67
53
61
38
40
68
8
62
74
53
76
123
14
110
151
64
46
79
17
17
32
14
24
38
16
62
70
51
54
66
42
22
33
19
32
45
27
32
44
26
24
35
19
17
30
10
13
28
9
16
32
13
38
52
26
33
45
25
28
41
23
28
40
21
21
34
14
25
38
20
29
44
25
36
50
24
38
53
25
46
68
23
26
39
20
25
40
20
48
62
36
