27
40
9
32
47
22
27
40
19
52
69
38
46
73
40
44
62
23
32
47
17
71
73
59
29
38
19
8
16
1
61
62
49
30
34
14
56
72
34
97
113
79
30
43
15
25
38
14
15
27
10
21
35
6
120
130
80
43
57
31
30
43
25
29
43
17
21
35
13
24
36
16
32
43
23
45
56
39
102
96
75
21
17
7
73
65
52
49
40
27
50
43
35
28
23
18
37
34
29
39
34
27
90
76
64
138
104
80
142
98
68
164
121
86
157
112
79
155
112
62
157
118
69
147
119
76
56
58
37
22
37
14
46
78
10
86
122
87
204
217
197
47
68
26
60
74
51
33
45
28
8
11
3
23
34
13
30
40
21
17
29
11
13
24
8
17
29
12
21
32
16
15
30
11
27
40
22
26
39
21
17
31
11
27
40
22
19
31
11
29
42
22
17
28
11
25
40
21
40
55
29
28
45
16
41
59
23
55
72
35
25
38
10
35
45
31
