138
150
126
43
57
25
39
53
26
27
40
19
37
53
20
45
63
37
47
61
35
25
27
7
36
38
24
37
38
35
39
40
26
24
31
14
41
54
26
30
43
18
28
40
16
17
27
6
11
16
2
35
43
21
33
47
21
91
103
44
26
38
15
20
34
11
20
33
12
26
42
15
52
65
42
104
103
82
21
20
12
59
56
47
83
74
59
71
61
49
34
31
19
27
22
19
22
19
14
40
33
25
80
63
53
152
112
86
173
130
96
185
144
114
118
78
51
145
102
58
207
170
126
146
120
84
126
119
104
71
86
66
25
49
5
58
77
33
26
44
20
19
34
10
14
25
8
18
30
10
18
27
10
22
33
16
17
30
12
20
28
13
8
20
2
35
43
28
8
21
4
15
30
10
24
36
16
11
26
8
74
88
66
33
45
20
41
53
33
46
61
28
22
34
12
16
28
7
9
21
3
16
29
8
35
51
22
17
29
10
11
21
6
17
29
11
