34
47
22
52
70
17
55
71
43
120
128
102
36
53
17
45
62
30
16
22
6
44
40
13
88
79
64
37
40
31
89
92
77
114
124
80
29
43
12
29
41
17
19
29
9
16
22
10
27
38
21
23
36
16
40
45
25
25
38
13
23
32
10
17
29
10
13
26
8
19
33
8
41
54
33
56
49
35
23
20
15
54
51
42
56
47
32
45
37
26
30
25
20
20
16
13
24
21
16
37
33
25
117
85
61
162
119
84
176
133
98
166
123
89
211
163
117
217
167
120
198
148
102
63
52
32
32
43
19
46
57
40
30
36
17
35
46
37
30
42
22
27
42
23
20
35
17
33
40
26
24
35
21
15
26
12
22
33
17
28
37
20
46
58
38
15
26
8
18
30
13
24
36
15
25
38
20
27
39
19
25
37
16
53
65
45
33
45
22
13
25
5
29
43
17
26
38
19
18
30
10
21
35
12
19
35
11
22
36
13
5
16
0
14
25
9
