42
58
30
31
46
13
39
58
24
43
64
21
43
58
27
20
36
1
46
60
26
120
120
68
82
76
50
34
38
27
15
23
12
83
98
61
33
47
21
32
45
15
40
54
21
23
36
11
29
38
21
17
30
12
19
22
11
30
45
17
37
50
21
22
36
3
32
47
13
33
45
22
79
83
54
44
40
32
38
35
28
32
29
20
36
32
21
23
18
12
21
19
16
14
13
9
25
22
17
59
41
29
158
118
83
154
114
79
175
131
94
205
158
115
111
75
48
196
145
101
209
161
118
77
74
57
30
41
25
31
39
26
123
131
115
52
67
48
45
64
35
27
37
21
22
30
15
9
20
5
10
21
5
21
34
17
18
29
13
67
78
61
19
30
13
23
34
17
34
48
29
18
31
14
35
50
30
48
59
41
24
36
19
33
42
25
40
46
29
16
28
8
22
35
15
10
23
7
23
37
11
25
40
17
17
32
11
18
32
15
20
34
16
13
24
8
