70
87
53
44
59
33
56
75
31
27
42
13
37
53
17
71
88
42
48
65
18
230
237
175
83
80
58
17
32
12
30
40
22
12
23
4
15
27
2
17
30
8
20
31
11
20
28
12
19
23
10
56
65
41
35
48
30
18
30
13
36
50
16
27
36
17
64
76
55
44
54
38
31
35
17
123
106
90
33
26
15
22
19
12
61
56
46
31
30
26
11
10
6
12
11
7
21
18
11
105
75
52
162
121
89
165
127
91
188
147
103
151
107
68
163
142
127
180
134
93
176
131
113
215
177
166
46
50
40
19
27
13
62
85
40
25
36
10
32
48
22
17
27
10
21
26
13
22
30
16
19
33
16
25
37
21
16
29
12
29
42
25
34
45
29
110
124
101
34
51
33
50
68
41
27
42
23
15
28
10
18
28
16
22
27
12
22
24
11
13
24
8
13
26
8
39
53
40
40
55
34
29
44
26
21
36
17
15
32
14
28
41
27
10
22
8
