25
38
18
24
40
14
33
47
21
76
93
58
35
50
16
41
57
19
232
241
225
32
51
5
68
68
45
22
36
13
20
32
8
67
86
36
29
38
21
51
65
39
23
34
17
19
25
10
30
43
17
47
56
35
82
95
66
43
52
35
58
70
49
19
32
12
62
76
50
36
50
32
46
56
36
87
57
42
156
122
86
34
27
19
23
20
13
9
8
4
15
13
10
15
14
10
22
17
12
115
92
69
167
127
92
177
138
102
185
148
106
197
157
121
204
160
122
202
154
116
210
170
155
190
144
131
231
194
194
22
29
21
16
23
11
20
35
17
63
77
60
33
44
27
26
34
21
24
32
18
20
31
17
13
21
8
3
14
0
6
16
3
23
35
21
22
35
19
15
29
11
24
41
25
31
47
17
31
44
17
29
40
24
32
38
25
31
28
19
28
34
20
21
36
15
26
41
22
18
33
14
21
34
17
20
34
17
22
36
21
14
26
13
53
65
55
