14
28
5
40
55
32
25
38
12
45
61
23
38
52
22
35
52
19
43
59
32
157
175
118
115
126
94
32
41
21
18
22
13
38
48
19
29
41
20
15
19
5
33
46
26
16
25
11
19
27
12
40
52
30
33
42
23
19
32
14
106
117
85
38
48
29
37
53
35
61
74
54
10
12
11
138
96
50
118
77
44
14
7
1
13
10
5
23
22
18
12
11
7
10
9
5
27
23
14
121
91
74
157
116
82
174
132
94
184
145
106
199
156
122
212
164
136
226
173
139
221
169
132
186
134
121
195
138
102
224
175
135
67
82
61
17
32
13
10
23
6
23
34
18
18
25
11
14
22
7
5
17
3
21
29
14
13
21
6
12
23
7
32
45
28
21
35
17
91
103
82
26
41
22
24
42
20
46
67
50
16
31
12
29
36
21
36
33
26
31
33
24
15
28
11
23
34
17
37
49
35
24
35
19
23
35
16
27
40
22
19
33
20
11
25
10
