34
49
26
37
51
27
43
59
32
49
64
34
67
87
25
43
58
27
59
74
44
117
126
105
67
65
42
53
46
28
35
36
31
38
47
26
72
80
57
57
61
45
44
58
33
53
65
44
11
20
3
57
69
49
12
17
1
123
132
92
130
143
98
67
83
50
60
72
47
55
55
53
8
5
5
170
129
85
81
45
21
159
129
94
20
9
2
149
92
62
143
97
71
80
59
45
78
57
43
132
94
71
162
120
82
158
116
78
170
126
89
184
138
104
209
159
124
230
177
137
224
170
127
167
102
71
213
158
124
26
30
13
41
57
39
6
17
0
25
34
17
19
29
13
17
25
10
14
23
6
11
22
6
20
28
15
8
19
3
29
40
22
20
31
15
36
56
27
45
57
43
28
43
25
20
37
17
67
90
62
17
35
9
38
55
33
32
37
20
22
25
15
19
32
18
11
22
6
25
34
17
15
26
11
17
29
10
10
23
6
21
31
17
20
33
12
