49
62
36
55
70
39
36
51
21
52
67
45
28
40
23
51
64
45
34
44
21
19
24
14
118
118
90
59
49
22
30
32
19
98
108
77
22
24
16
29
37
16
42
66
8
23
32
13
23
30
15
46
55
38
97
101
82
49
59
35
21
33
12
26
34
12
140
135
121
8
8
8
3
5
4
31
11
3
190
147
89
147
123
88
96
67
52
160
90
58
169
117
87
104
62
39
130
92
69
138
97
67
156
113
79
154
111
76
165
119
83
180
126
92
199
145
102
235
182
137
216
165
119
204
150
112
209
160
115
18
24
10
41
57
29
29
41
22
16
24
11
6
14
1
11
19
4
97
107
91
26
39
22
35
47
30
20
31
15
22
33
17
16
29
11
69
81
64
23
37
15
31
45
20
33
49
23
30
43
24
27
40
23
28
42
19
50
56
42
23
32
17
17
28
14
12
20
5
41
53
33
13
21
6
15
26
7
53
61
40
12
20
7
17
25
12
