36
52
31
58
87
31
78
110
57
45
59
42
34
49
27
36
45
24
10
36
0
101
149
60
95
131
64
85
133
32
102
151
23
56
92
26
52
74
34
239
245
225
43
60
27
30
46
16
47
63
38
34
50
27
22
37
16
24
42
18
34
50
23
68
85
39
29
41
26
34
48
28
36
60
32
26
41
21
33
48
20
25
40
8
40
62
21
39
55
26
31
46
23
24
38
20
44
56
34
33
49
20
28
46
20
43
63
38
40
63
32
40
59
40
85
107
70
54
76
40
242
246
231
66
86
35
35
67
11
32
60
20
47
82
18
108
157
38
108
136
82
89
133
46
62
95
71
41
63
34
33
52
21
28
50
11
45
64
30
36
54
30
36
52
25
32
49
14
30
47
15
34
51
21
28
43
17
17
30
10
28
44
16
30
45
17
48
65
32
35
55
20
49
74
34
27
56
10
53
76
41
39
63
28
55
87
24
23
52
3
47
68
36
52
73
47
