35
48
20
72
88
57
49
61
35
37
54
20
100
111
88
33
48
21
46
59
15
22
33
14
21
23
9
132
118
93
33
31
20
14
15
8
35
48
21
34
46
14
58
82
24
53
66
37
64
70
55
14
23
8
134
148
119
63
78
45
46
55
38
233
220
193
242
216
158
5
5
5
7
6
8
14
9
6
168
134
89
73
51
38
188
154
128
200
127
95
186
134
96
110
69
57
131
89
64
154
110
75
149
105
70
153
108
75
161
112
74
182
129
87
201
149
100
229
174
123
204
153
112
128
57
42
174
105
85
15
26
9
35
42
23
18
25
9
18
26
10
21
29
14
24
36
18
29
42
22
40
56
36
46
59
40
18
28
13
21
32
14
11
22
9
10
21
5
14
27
10
61
87
39
36
52
27
13
26
9
56
82
43
42
54
34
40
37
30
14
20
13
25
36
22
24
33
17
16
24
8
22
29
14
16
26
10
21
30
13
19
27
14
10
18
8
