104
130
40
54
71
37
56
71
37
54
76
33
110
127
91
74
89
30
211
232
99
43
53
27
50
55
25
43
31
11
63
60
48
13
15
7
26
40
6
55
68
28
22
38
6
59
71
49
44
57
33
49
60
43
36
47
30
67
71
72
53
61
41
247
238
202
74
41
20
14
12
9
9
9
7
6
3
2
56
36
17
62
42
26
45
18
9
67
44
25
181
114
77
123
61
41
170
112
84
146
97
53
144
100
63
148
102
66
162
110
71
185
133
86
203
151
103
223
176
122
208
157
117
206
153
110
206
157
108
9
19
4
17
28
12
23
31
18
17
23
9
15
22
7
18
31
13
45
58
40
15
28
12
46
64
40
27
42
22
26
36
10
21
29
13
18
29
4
22
34
15
20
31
15
19
32
13
39
51
28
38
47
27
30
30
22
29
30
22
11
17
5
10
21
5
35
44
25
16
25
8
20
28
13
20
28
13
7
18
4
18
30
16
13
21
7
