67
80
50
37
53
17
59
80
28
44
64
16
109
140
72
134
149
69
124
133
74
37
46
11
47
63
14
66
57
25
59
55
43
24
25
18
29
43
9
55
68
46
19
31
9
14
25
5
59
66
49
31
37
27
12
21
7
146
156
124
188
193
169
252
219
150
116
88
69
72
59
48
7
6
1
145
141
125
142
123
103
87
62
43
46
33
24
45
26
16
99
63
30
122
70
32
124
72
28
146
100
51
140
93
48
145
95
57
164
111
70
185
133
84
209
157
106
207
158
107
196
149
105
201
153
110
204
152
113
84
90
69
50
57
40
52
57
42
32
41
22
22
31
12
27
41
19
22
35
16
64
77
58
19
31
11
9
15
3
9
16
2
41
54
30
46
58
44
16
27
9
16
28
10
20
33
14
19
33
13
33
43
28
29
25
19
19
20
13
19
22
12
45
54
36
18
29
13
16
27
13
42
54
41
25
37
27
14
25
16
36
47
39
27
39
30
