53
67
42
45
61
26
44
59
30
53
81
3
65
96
13
76
100
27
63
70
27
107
117
88
42
59
6
151
145
117
72
65
45
23
24
16
37
50
25
50
62
45
81
92
29
30
47
10
20
28
13
45
58
31
11
22
5
39
55
26
84
75
44
235
191
128
148
109
84
68
44
29
31
14
5
87
70
54
32
29
20
59
52
44
12
11
6
98
80
73
89
57
30
102
64
28
129
86
42
140
93
47
141
98
45
151
100
45
173
118
63
185
128
74
199
148
91
196
147
90
188
138
84
191
138
84
215
152
108
231
194
163
22
25
12
26
28
17
16
24
2
9
11
5
77
101
37
37
53
36
41
51
29
59
73
48
11
23
7
42
48
27
89
106
63
26
39
13
36
50
26
34
45
31
24
37
15
15
21
8
23
26
14
32
28
22
28
29
23
12
15
4
20
28
15
23
34
20
25
36
20
20
31
22
26
40
27
34
48
38
11
24
15
10
19
12
