36
49
23
35
49
23
40
57
11
54
75
18
84
105
41
54
74
23
152
180
57
151
167
104
121
136
56
87
86
63
89
84
65
40
41
33
11
22
8
25
38
20
41
46
27
74
79
55
72
74
55
45
56
32
49
63
38
39
53
28
86
86
67
219
160
95
93
60
45
123
100
87
35
24
17
46
37
22
65
55
43
8
8
3
14
13
8
22
20
14
64
45
28
106
69
32
135
91
47
148
104
55
145
99
49
159
110
50
176
125
62
190
135
68
197
136
72
202
141
76
208
148
77
225
166
97
238
187
136
15
17
4
32
34
23
19
23
11
65
79
49
3
13
2
36
49
29
39
63
27
4
19
1
51
66
38
35
40
33
67
78
62
19
32
12
131
143
112
18
25
12
16
22
8
22
38
9
28
40
20
26
33
18
36
32
25
25
26
18
16
19
10
11
18
10
20
31
16
26
36
25
16
24
10
26
35
18
16
22
8
12
20
7
12
22
13
