41
57
20
31
42
26
42
66
9
46
63
18
74
92
37
90
125
15
50
78
5
61
76
21
52
58
24
23
26
7
43
41
28
34
36
24
12
17
9
18
26
10
35
50
22
26
40
17
38
53
28
31
44
24
44
56
32
52
64
40
44
47
30
118
74
35
74
51
39
53
43
33
86
77
69
40
31
22
86
71
52
26
22
14
12
12
6
18
15
8
56
39
22
107
70
32
140
97
52
153
109
60
159
116
63
166
121
63
184
133
70
202
147
83
212
154
87
229
175
101
48
27
16
14
14
8
18
18
11
23
24
16
41
43
30
18
24
12
22
25
16
17
25
14
92
112
79
14
22
4
44
60
23
57
72
49
35
51
23
32
44
27
16
24
6
170
199
93
30
39
17
16
22
11
41
55
30
71
86
54
22
30
13
22
24
19
22
25
18
46
54
41
14
22
7
13
20
7
6
17
1
13
22
5
40
46
34
13
24
10
12
20
9
25
33
22
