38
51
25
26
39
20
45
59
26
64
85
24
159
191
84
93
122
29
55
79
18
35
54
8
35
49
16
29
39
14
91
86
71
15
17
5
12
13
5
35
45
29
33
46
26
10
23
2
45
59
34
38
52
26
16
28
6
20
34
11
78
79
58
86
62
38
36
23
14
30
23
13
35
28
18
53
44
35
122
101
84
130
109
92
83
67
52
51
41
31
61
41
22
115
77
39
142
101
55
153
111
61
164
120
71
173
127
77
194
145
87
219
167
106
246
201
139
27
30
19
27
29
16
14
15
9
19
20
12
22
24
9
42
44
33
36
47
30
111
132
89
52
74
44
48
61
41
21
33
12
15
23
10
10
23
5
39
48
29
26
40
14
221
233
123
21
29
16
14
17
8
21
24
13
34
46
24
10
12
6
43
54
36
31
45
22
51
65
42
22
24
11
13
21
6
30
40
15
18
22
8
36
45
32
11
19
6
9
16
8
8
15
7
4
9
2
