28
37
20
53
63
38
46
60
29
105
118
70
51
68
23
71
86
46
57
66
40
92
107
71
90
100
75
88
109
51
91
85
63
62
55
38
9
10
4
9
12
5
51
67
41
33
47
22
32
50
26
31
46
17
13
15
4
59
64
33
57
54
33
106
86
54
27
18
12
15
8
4
30
21
12
42
34
23
69
51
37
109
89
64
130
107
76
107
86
56
91
61
35
118
80
40
138
97
51
155
112
62
169
125
76
181
135
85
203
154
98
238
188
122
14
16
3
20
24
15
14
15
9
16
17
9
11
12
7
15
19
6
25
27
14
107
115
93
33
44
19
33
46
26
23
34
18
10
18
4
11
20
5
13
21
8
19
27
12
25
37
21
139
151
86
57
62
43
22
25
16
17
19
10
13
16
5
29
37
23
40
56
29
47
63
34
33
49
22
37
43
29
16
22
8
21
30
13
14
25
8
40
49
32
11
19
6
23
30
22
22
29
21
7
14
6
