22
31
12
37
49
26
21
36
7
202
208
172
33
47
20
119
145
45
62
83
26
60
80
24
29
44
13
125
154
77
137
132
107
66
60
44
19
20
14
43
55
24
66
96
5
64
79
45
82
97
64
237
236
215
135
140
116
61
72
30
118
109
86
158
125
80
26
16
7
43
34
27
21
16
11
38
30
18
58
42
27
93
74
41
143
118
36
47
24
8
105
69
34
125
86
45
126
88
41
152
112
62
170
127
75
189
144
90
215
169
110
239
183
119
206
197
148
28
30
13
11
12
5
12
13
6
18
19
11
9
11
0
21
23
12
21
19
7
35
47
25
33
44
25
24
32
13
41
48
30
8
14
2
12
20
7
8
16
5
20
29
10
39
56
14
9
12
5
7
10
3
13
16
5
74
88
65
41
52
36
27
43
17
26
40
23
32
51
23
21
25
10
6
9
2
11
14
3
15
20
4
23
32
19
24
31
24
25
32
25
16
23
15
10
17
9
