16
24
10
23
34
16
11
24
4
32
46
19
118
147
51
89
117
12
135
150
90
83
102
46
83
99
36
40
65
5
46
51
6
128
120
97
21
22
16
15
21
8
41
63
13
52
67
35
29
38
16
75
95
39
68
72
55
63
73
45
135
125
97
161
122
70
40
29
19
25
20
13
17
14
9
16
10
5
45
30
15
96
78
13
190
159
17
222
187
67
122
82
43
122
83
44
128
90
45
149
108
63
171
128
75
187
140
86
224
174
113
233
175
107
234
174
38
251
248
180
18
20
7
13
15
4
34
36
23
18
20
7
21
23
11
77
82
57
24
33
11
29
42
13
27
41
20
31
45
17
5
11
2
16
25
11
12
20
9
18
26
16
8
19
6
17
23
10
11
14
7
10
13
6
32
45
17
29
37
23
19
26
16
39
61
28
29
42
25
14
18
5
62
66
51
27
31
22
14
19
5
8
18
6
9
16
8
8
15
7
18
26
14
13
20
12
