27
42
21
40
57
38
59
81
45
30
50
8
38
41
15
138
138
118
114
139
123
44
76
9
91
130
83
102
129
84
134
159
127
93
125
81
102
131
93
49
65
30
34
48
22
23
36
11
58
68
44
31
45
22
22
35
17
28
43
24
19
32
12
49
65
37
57
72
51
59
80
60
44
57
39
37
51
31
26
39
14
40
54
28
26
45
15
29
43
15
33
48
19
23
34
18
44
60
34
37
49
29
32
47
25
18
32
13
24
39
20
33
51
29
42
56
37
18
31
12
27
42
19
43
72
16
13
33
5
30
59
7
78
112
46
65
94
43
138
189
59
88
128
68
53
78
51
49
69
40
28
43
20
34
52
28
57
72
49
32
45
27
47
62
31
18
34
7
44
61
27
59
75
43
30
45
22
36
40
21
54
59
30
49
69
33
53
73
36
30
46
20
31
50
20
65
85
49
21
45
14
51
75
35
49
69
33
45
64
35
53
62
44
60
85
34
