39
53
29
40
54
28
137
148
113
49
64
31
30
44
14
77
97
28
161
198
57
148
163
122
45
64
18
38
57
9
104
119
66
90
85
61
29
29
19
7
9
4
48
63
31
114
129
95
62
71
42
21
35
12
41
54
23
64
78
49
140
115
80
146
106
63
46
32
18
24
17
11
11
10
5
11
10
5
86
69
25
206
174
11
209
177
9
253
234
84
141
91
45
129
90
51
133
94
51
158
116
66
179
134
77
203
154
95
221
167
103
226
168
102
223
154
62
251
233
82
34
32
14
19
21
8
20
22
8
23
25
14
28
30
19
30
32
21
12
14
5
13
21
7
23
29
19
8
11
2
6
10
3
13
17
9
9
12
5
20
29
12
8
11
2
8
11
4
13
16
7
15
19
6
42
55
36
49
64
43
52
73
47
67
97
64
49
78
30
9
13
3
26
35
14
46
58
17
36
43
24
31
34
28
7
14
6
11
18
10
16
23
15
5
12
4
