18
32
14
35
48
29
42
54
24
119
140
65
56
69
32
144
178
26
53
69
15
45
61
19
69
75
55
45
63
22
64
80
46
132
125
103
55
52
41
22
28
19
64
80
51
29
46
19
25
39
13
28
43
13
49
66
18
73
88
55
146
115
75
98
64
31
37
26
13
31
23
13
18
16
8
97
83
33
237
207
46
229
198
20
226
197
35
248
228
69
239
207
47
142
100
58
148
107
63
161
119
69
179
137
79
194
144
82
206
153
92
208
154
85
252
185
72
241
207
75
251
238
74
39
35
23
39
36
24
27
30
18
17
18
6
21
22
10
32
40
23
14
15
6
25
28
22
9
12
5
9
11
4
6
9
2
4
9
5
23
29
17
29
37
22
7
13
4
9
12
5
12
16
3
38
43
33
4
8
2
9
15
4
92
101
74
32
37
15
7
16
0
31
45
15
26
38
6
8
13
4
13
18
8
9
12
5
7
10
3
14
16
9
10
15
7
