29
42
23
10
20
9
12
19
11
56
74
29
33
49
19
25
34
14
30
42
18
30
44
11
39
54
19
154
170
126
155
180
98
102
95
68
36
36
25
39
40
32
36
53
21
61
75
42
33
45
19
157
171
136
49
64
27
224
226
193
121
91
51
80
53
29
45
34
22
48
36
8
234
222
44
240
221
44
242
218
49
251
227
73
250
236
75
254
248
107
252
227
70
249
223
78
158
119
76
175
135
89
191
146
91
196
150
98
196
151
96
184
131
61
200
122
46
251
224
81
253
232
64
241
236
107
254
254
248
252
251
253
73
57
31
54
53
28
20
25
8
8
9
2
17
18
12
25
28
21
8
11
2
11
14
7
9
14
7
19
27
14
9
18
2
18
21
12
18
21
13
24
30
20
44
52
28
9
12
5
8
10
4
13
21
10
24
22
13
19
23
8
10
18
7
15
23
12
10
10
9
63
67
51
12
14
7
11
14
7
8
11
4
8
11
4
