45
59
37
20
27
19
24
35
22
43
58
33
36
52
25
51
68
21
29
47
13
113
129
84
94
113
49
51
65
22
14
30
1
62
56
34
125
125
94
125
131
77
59
73
24
39
52
20
22
32
2
26
39
7
27
40
9
123
121
88
108
86
30
254
250
115
250
242
72
245
235
61
242
228
44
242
221
44
248
221
53
249
226
52
249
250
111
255
251
144
246
242
113
240
209
32
242
209
67
179
132
84
193
148
93
181
138
88
185
141
90
184
133
68
211
161
70
226
190
26
239
186
56
252
237
60
214
188
128
216
196
145
255
251
104
230
229
153
109
109
80
15
17
6
29
34
14
24
29
16
9
11
5
9
11
4
14
20
8
5
13
1
25
40
8
5
9
2
10
13
7
24
35
16
7
10
3
13
16
9
9
12
4
18
18
10
25
20
14
19
21
11
10
18
2
9
15
8
11
14
7
17
21
6
12
13
8
44
47
38
9
12
6
23
27
14
