40
50
34
83
93
80
33
47
22
21
34
11
29
38
11
233
250
89
36
58
4
43
56
20
40
58
18
94
115
45
42
55
25
139
136
112
216
217
171
38
45
26
54
63
40
98
113
70
89
119
35
46
55
25
89
100
66
77
74
40
255
249
106
254
243
71
250
237
63
244
231
54
244
230
49
238
216
36
250
222
58
246
223
55
249
233
66
255
255
122
163
90
6
248
229
99
245
214
35
239
210
40
192
143
89
180
136
86
178
134
87
169
122
66
242
203
45
252
212
40
199
101
5
196
131
39
250
234
72
208
180
133
253
231
57
252
240
67
254
250
141
41
37
16
182
185
169
8
10
3
17
21
8
30
36
21
28
37
19
12
18
6
5
11
1
8
14
3
16
20
7
13
24
8
45
52
32
10
11
5
14
16
9
22
19
12
26
21
15
14
15
1
126
148
64
9
11
5
133
136
125
9
15
5
12
15
8
9
12
5
17
20
13
12
15
4
