60
86
15
21
34
16
71
88
29
239
249
184
242
254
184
80
86
62
242
245
223
134
149
80
55
60
39
197
207
160
39
54
13
58
63
22
134
135
106
82
85
61
79
98
51
76
82
47
39
52
21
87
99
63
58
68
33
90
87
33
253
246
95
251
230
62
248
229
49
240
223
37
243
223
40
239
216
38
185
133
1
171
112
0
198
134
10
219
165
9
206
163
7
176
123
8
134
77
1
242
212
33
237
208
54
187
140
94
186
138
89
140
86
34
228
180
15
245
200
12
246
194
26
189
89
1
251
236
65
191
163
116
233
209
48
248
224
38
253
229
41
211
204
109
15
17
6
13
17
2
17
20
11
16
23
10
12
20
9
6
12
0
33
46
29
23
27
13
10
11
8
164
175
137
18
19
9
10
11
5
14
15
8
22
19
12
26
21
15
18
19
7
12
14
1
27
40
4
33
37
14
30
32
16
6
11
5
7
10
3
11
18
10
15
23
12
