22
29
22
15
27
15
73
87
60
24
35
21
26
39
11
59
69
26
220
239
146
154
160
97
135
142
91
215
227
160
46
59
25
226
232
169
131
123
100
26
29
9
50
56
30
23
39
1
32
55
3
48
68
4
38
38
12
253
246
104
250
229
61
231
204
33
231
206
24
239
217
35
238
216
36
239
216
38
239
214
34
238
210
25
232
202
18
228
197
18
224
193
14
213
175
6
202
155
7
167
105
6
150
86
9
254
227
100
183
133
90
239
195
29
234
191
10
241
203
9
246
215
36
233
181
14
240
185
24
204
171
118
209
178
82
243
214
34
249
218
32
250
230
58
7
10
1
22
26
10
13
17
3
6
13
5
6
13
5
18
26
13
15
23
13
18
27
10
10
12
5
17
20
9
23
21
15
11
12
6
11
13
7
23
20
13
38
33
27
26
29
12
203
223
128
52
67
29
5
6
1
14
19
4
7
11
1
20
23
14
10
16
6
10
18
7
