186
184
171
181
166
150
170
159
136
188
175
150
161
156
129
76
78
69
66
68
51
71
88
32
44
59
18
95
115
43
88
114
22
215
243
92
64
70
31
208
208
177
37
41
26
18
30
10
42
55
20
92
108
36
233
224
60
239
218
47
208
184
11
190
164
16
194
163
5
239
213
28
233
210
20
235
213
32
239
216
38
236
212
26
234
206
18
234
204
20
232
202
16
228
198
17
227
192
14
217
175
9
192
140
3
169
99
3
202
154
52
246
202
17
239
201
6
243
216
35
248
222
39
243
211
27
246
219
39
204
168
118
213
182
125
242
211
24
243
203
29
253
224
47
23
23
10
9
12
3
13
16
9
7
14
6
12
19
11
9
16
8
9
17
6
5
11
1
8
11
4
30
34
20
75
81
65
12
13
7
17
14
8
23
20
13
28
23
17
20
20
10
6
7
2
13
16
5
48
52
27
9
11
4
9
12
3
9
12
5
20
27
19
15
25
16
