23
20
19
30
30
30
28
28
27
25
25
23
14
15
15
11
11
11
13
13
14
13
15
13
22
35
7
190
224
21
55
72
14
19
23
9
104
106
70
48
57
30
41
52
29
19
35
1
69
80
48
181
192
68
232
211
42
192
171
20
228
198
23
184
153
11
187
152
8
235
207
16
233
206
15
232
204
16
235
212
30
235
211
26
234
210
23
234
206
18
236
209
18
231
206
15
233
204
15
231
201
14
228
188
15
219
169
11
199
131
8
252
217
51
240
209
25
244
219
38
246
224
40
244
220
38
247
224
42
181
149
74
206
175
118
237
206
14
218
177
5
252
224
44
63
69
17
12
16
1
11
15
8
7
14
6
13
21
11
15
23
10
18
26
12
11
22
7
9
11
5
16
22
8
17
19
11
10
11
4
18
15
10
22
20
13
36
32
23
21
21
13
9
12
1
25
33
15
38
43
21
15
19
9
10
13
4
10
13
6
21
22
16
11
18
10
