71
79
92
50
55
53
30
30
30
28
28
26
29
29
29
24
26
25
18
20
19
66
67
72
32
45
14
46
66
11
111
136
44
201
215
168
79
80
44
48
50
34
45
55
27
37
47
26
212
218
188
241
222
54
213
189
19
191
166
14
208
179
9
215
182
10
173
139
6
204
169
7
228
198
18
227
196
17
230
205
17
234
209
21
233
209
23
233
209
23
233
209
21
233
209
23
236
208
20
236
208
20
235
206
16
229
197
15
238
190
18
199
139
15
240
213
34
243
218
37
244
223
36
245
225
40
246
226
44
245
232
62
206
175
117
230
193
12
253
215
42
252
221
40
246
230
71
14
17
7
10
13
4
9
12
3
10
13
4
14
22
9
17
25
12
15
28
13
7
9
1
10
16
2
15
17
8
10
11
5
13
12
7
23
20
13
28
30
19
20
23
13
13
16
7
9
17
4
12
20
7
8
11
2
13
13
6
10
12
4
18
22
8
5
11
1
