27
42
22
47
62
39
66
86
49
33
46
23
69
84
48
60
65
43
93
124
78
69
100
65
42
74
28
39
66
22
46
77
41
70
95
68
76
96
69
68
83
52
26
42
12
80
95
64
29
41
19
33
46
20
30
43
15
28
39
22
27
39
18
36
47
26
36
49
30
29
42
23
88
94
76
43
66
46
16
35
13
23
38
12
49
61
43
22
37
15
21
34
14
22
33
16
14
25
9
30
40
25
27
41
18
26
40
16
20
33
15
18
35
15
33
50
31
19
38
18
31
49
19
37
57
32
38
57
24
30
46
27
51
76
40
33
58
33
186
220
149
74
104
62
72
100
78
41
60
29
38
61
35
51
70
53
39
57
38
40
54
33
55
74
43
30
45
18
42
59
28
69
86
51
15
34
6
41
60
14
20
33
15
16
29
11
34
50
22
22
38
13
22
36
18
16
35
11
53
84
28
49
81
24
28
54
13
69
88
56
29
53
10
69
92
57
