30
38
35
24
26
25
28
30
30
26
28
25
20
20
20
22
24
23
18
20
19
15
16
22
9
11
9
184
208
63
29
44
8
37
44
23
78
79
44
54
54
26
15
13
4
18
27
12
242
233
101
219
192
18
205
177
11
199
169
12
188
158
4
229
194
16
198
163
11
170
131
3
211
179
7
215
188
10
226
197
18
227
203
20
231
206
18
233
210
21
235
211
27
235
212
31
236
211
30
238
212
29
235
209
22
236
208
20
234
199
10
234
192
16
249
216
40
244
223
35
244
223
34
246
226
42
248
227
46
247
234
47
207
180
98
229
189
8
249
210
34
250
221
39
252
225
54
27
31
16
12
15
6
10
13
4
8
11
4
7
15
3
12
20
7
15
26
12
8
9
3
11
12
4
7
8
3
11
12
7
13
15
8
15
18
11
13
20
12
15
23
15
16
19
11
14
20
10
21
24
15
13
19
9
9
12
5
8
11
2
16
19
9
13
17
3
