32
36
35
58
61
68
27
29
28
60
62
59
28
28
28
22
22
22
26
27
27
14
14
14
13
13
13
16
21
14
73
88
54
32
43
8
47
56
29
88
95
56
217
243
85
40
47
20
111
86
27
77
41
17
236
201
34
203
176
1
202
173
7
216
183
6
204
169
3
175
138
7
193
163
8
211
181
7
222
195
15
226
199
20
227
200
21
230
205
17
236
211
30
235
213
32
238
216
34
238
216
35
239
213
32
233
205
17
238
208
22
247
214
33
233
192
15
236
202
17
246
227
37
247
229
45
249
230
48
250
234
53
250
235
58
253
218
45
236
191
9
249
216
38
254
222
49
27
32
18
9
15
5
10
13
3
20
24
10
9
15
5
13
21
8
12
23
9
13
21
10
6
10
1
9
11
5
10
11
6
12
13
7
14
17
10
9
12
5
10
16
8
21
24
17
11
18
7
6
14
3
10
17
8
10
13
4
13
16
7
15
19
8
7
16
0
