55
59
60
57
58
52
44
45
39
134
135
138
78
78
76
24
24
24
18
18
18
17
18
14
76
16
21
71
0
3
72
77
29
29
43
7
26
36
16
75
85
57
17
21
6
7
16
1
37
52
23
82
54
30
91
58
33
229
193
66
200
167
1
219
182
8
205
166
2
179
143
10
172
144
8
199
175
4
214
189
11
229
203
22
225
198
20
224
197
17
234
210
27
236
213
35
238
217
35
241
219
35
239
217
35
237
211
26
228
198
12
246
216
34
236
192
12
234
191
14
235
206
24
247
229
45
248
229
46
250
234
53
249
234
55
251
197
27
245
201
20
250
210
34
31
29
13
26
30
16
14
25
7
20
24
13
8
11
2
10
16
6
15
23
10
7
15
0
19
27
16
9
12
3
9
10
4
10
11
6
12
13
8
14
17
9
9
12
5
9
15
5
10
17
9
21
28
20
9
19
7
3
12
4
9
12
5
8
10
2
45
54
21
5
14
0
