64
63
62
55
56
50
49
50
44
48
49
44
44
45
39
34
35
30
25
26
21
22
21
16
105
24
27
38
18
14
19
24
7
61
84
17
82
91
63
55
71
16
81
98
47
64
89
26
32
43
8
88
60
38
107
70
43
121
78
53
89
45
18
230
192
17
220
182
9
168
128
5
161
131
3
190
165
11
199
172
6
221
194
15
226
201
20
220
193
17
231
207
20
236
214
34
241
218
37
243
222
35
241
219
35
240
218
36
231
206
15
246
213
38
239
197
14
242
215
36
232
200
14
240
217
35
246
228
44
248
232
51
252
237
58
166
137
62
237
186
32
210
141
79
28
24
11
17
20
7
10
12
2
7
12
2
6
9
0
8
14
3
10
16
6
9
16
7
5
11
1
8
11
2
9
10
4
12
13
8
15
17
10
10
13
6
11
12
6
7
17
8
13
20
12
15
25
15
61
70
47
7
14
6
11
14
5
12
14
6
92
106
57
6
14
1
