22
23
18
84
86
75
189
190
182
186
188
177
134
136
125
141
143
132
161
164
152
22
23
18
15
17
12
17
17
15
11
16
11
174
186
103
169
165
133
173
187
132
52
68
24
37
51
18
37
41
22
92
56
30
109
72
45
136
90
56
140
87
53
118
68
36
238
195
77
179
137
12
148
118
2
180
153
12
182
155
12
202
176
1
226
199
22
214
188
15
227
201
19
235
213
31
242
217
36
244
223
36
242
220
36
241
219
37
237
215
33
240
210
27
241
195
22
250
219
43
240
216
40
239
214
36
243
223
40
249
228
47
250
233
55
130
95
31
198
128
76
215
149
91
28
27
14
24
28
14
7
10
1
10
13
4
4
7
0
6
9
2
13
16
5
7
15
7
13
16
9
14
17
10
8
9
4
5
8
1
7
11
4
15
25
16
14
24
15
7
14
6
7
14
6
13
20
11
10
18
4
8
14
2
10
13
4
13
16
6
13
23
2
15
22
4
