38
38
38
53
54
49
51
52
47
43
44
39
45
46
40
45
46
40
36
36
34
25
26
21
70
71
63
26
26
24
16
18
19
21
40
2
203
221
141
239
248
185
98
107
78
54
64
35
58
43
20
93
59
34
115
74
46
136
87
54
145
93
53
150
97
55
134
83
44
49
19
13
132
98
8
175
147
11
172
144
9
185
154
12
208
180
8
205
179
5
220
190
16
232
206
17
239
213
33
244
220
36
246
222
38
243
218
37
242
217
37
243
214
35
246
214
35
254
213
42
235
207
20
236
210
27
240
215
37
246
226
43
249
230
52
206
169
86
199
132
80
215
145
92
29
25
10
35
41
27
14
17
8
12
15
6
14
17
10
8
11
4
8
11
2
8
13
6
9
12
4
13
16
9
7
9
3
9
10
5
11
12
7
6
11
4
7
14
6
17
22
15
10
17
9
17
24
16
11
18
10
15
21
11
9
12
5
12
17
6
16
24
9
18
26
13
