41
41
41
34
34
34
35
35
35
40
40
40
25
25
25
39
39
39
32
32
31
45
45
43
41
41
41
26
29
22
15
18
10
32
48
18
39
45
13
143
154
108
163
170
116
53
57
33
118
90
61
103
66
40
120
76
49
141
91
54
146
94
55
152
101
58
140
87
45
60
31
8
122
95
10
159
130
3
169
141
6
173
147
11
200
173
7
200
172
4
215
183
9
230
199
15
238
208
23
242
215
36
247
218
39
242
215
38
243
214
35
243
213
31
246
214
38
245
212
36
238
207
20
237
203
17
239
208
24
246
216
41
246
223
45
252
241
110
199
132
80
212
146
93
153
122
99
22
25
14
7
10
1
12
15
5
13
21
6
8
14
2
19
28
11
25
34
17
11
15
8
8
13
6
16
21
15
15
22
14
12
18
11
8
11
4
9
12
5
14
22
11
5
13
5
10
15
8
13
19
12
10
13
5
10
11
4
35
51
7
61
70
46
19
24
2
