48
48
47
45
45
43
35
35
35
35
35
35
30
30
30
27
27
27
24
25
22
29
30
25
20
21
15
19
21
16
67
16
18
25
42
7
20
26
16
246
250
230
204
212
177
208
211
166
108
74
49
104
67
41
129
83
50
111
63
27
152
100
57
155
103
56
130
78
37
56
29
5
122
91
6
154
125
6
167
139
5
164
137
2
185
154
9
201
169
4
197
164
10
222
184
9
237
200
10
242
209
27
245
214
36
243
212
33
243
212
28
243
207
23
247
211
35
245
206
28
240
206
20
236
201
13
238
204
15
243
210
33
245
218
43
247
226
103
191
125
76
214
144
94
205
144
96
12
15
5
12
15
4
13
16
7
10
13
4
16
24
14
19
28
11
8
15
5
5
12
4
6
13
5
9
11
4
10
13
6
7
9
3
5
8
1
8
13
6
18
24
16
7
13
6
9
16
8
3
8
1
8
10
4
10
10
3
14
26
5
38
49
14
16
24
2
