68
68
68
68
68
66
65
65
63
58
59
54
47
47
45
31
31
29
20
20
16
13
14
9
10
10
7
10
11
6
23
23
7
79
94
34
128
139
77
209
221
153
35
50
12
84
94
48
108
72
46
111
71
46
127
80
50
146
94
57
155
102
60
156
102
55
121
71
32
94
62
8
128
95
10
147
117
6
167
139
6
156
128
3
170
136
5
188
152
7
195
158
11
230
191
15
237
197
13
240
205
19
243
209
26
241
210
27
243
209
26
244
211
31
246
204
23
245
203
22
242
207
21
240
203
11
242
204
19
243
211
32
247
216
47
209
163
99
185
123
74
210
141
90
215
145
92
19
24
12
18
21
12
15
18
9
6
10
1
7
15
7
11
16
9
8
16
3
8
15
7
7
17
8
8
9
3
14
17
10
8
11
4
17
24
16
9
16
8
6
16
7
8
18
9
13
21
8
6
14
3
13
18
11
7
13
3
11
23
9
30
44
27
31
46
27
