16
17
11
15
16
11
16
17
12
18
18
14
20
22
16
22
24
18
10
11
6
18
19
13
5
7
2
10
11
6
12
17
8
163
171
100
234
233
175
113
130
63
46
64
12
67
61
40
102
68
41
113
71
46
135
84
55
149
96
62
159
107
62
156
96
49
104
60
24
120
88
7
134
100
10
150
120
10
165
134
7
163
135
8
171
136
6
184
148
8
178
139
2
227
188
12
236
199
8
241
205
16
241
207
21
242
209
20
240
206
20
242
203
17
216
168
9
241
190
18
244
206
18
242
208
24
243
207
26
245
212
35
247
220
45
227
183
121
173
112
67
210
141
92
212
144
91
13
17
8
10
11
4
8
11
2
10
14
5
12
20
10
9
21
5
20
31
15
20
31
15
19
30
14
6
10
3
10
13
6
9
11
5
12
19
11
4
7
0
7
17
6
24
40
21
22
37
18
9
18
7
12
21
8
14
25
9
14
25
9
25
40
21
28
43
20
