17
30
12
19
31
17
18
31
13
58
70
53
61
77
51
133
132
111
65
80
48
37
50
33
46
55
34
33
43
27
45
62
43
37
54
21
34
46
26
46
64
35
56
72
38
26
42
16
34
46
21
40
59
2
29
42
21
23
35
15
24
39
13
32
45
28
31
42
25
36
51
32
64
81
52
78
98
76
92
113
96
26
44
20
34
52
30
26
38
18
33
47
24
29
38
23
26
37
20
48
59
42
40
51
22
46
60
35
21
34
17
49
65
41
38
55
37
18
33
8
22
38
8
26
44
16
201
209
188
30
44
27
158
187
143
144
185
117
42
64
26
73
92
59
36
51
29
18
34
7
37
57
21
61
83
50
65
80
59
35
46
30
72
93
53
32
48
19
31
46
17
24
38
12
20
33
14
55
69
42
26
38
15
15
27
12
33
46
28
18
34
8
15
30
7
23
38
17
31
48
15
26
50
9
23
40
13
23
44
11
55
83
33
66
87
56
