5
6
1
5
5
0
3
4
0
25
26
18
29
31
16
19
21
8
29
31
19
7
8
2
3
3
1
9
10
5
57
53
32
61
57
10
153
156
48
253
254
222
65
77
19
121
98
64
102
65
39
122
77
52
137
86
55
153
99
62
156
104
57
149
92
46
83
38
4
143
103
14
138
103
14
144
111
11
156
126
2
168
140
5
169
139
5
184
149
14
194
154
6
225
186
13
237
199
10
239
202
8
240
206
13
241
206
16
244
210
24
245
207
19
247
205
19
243
199
18
235
195
10
231
212
73
245
209
35
246
215
39
248
220
48
238
199
144
171
110
65
205
138
87
218
147
95
24
26
13
20
26
14
12
23
7
15
26
12
15
26
12
15
30
11
13
26
9
12
23
7
19
25
10
12
14
8
6
11
4
10
16
8
3
11
1
19
29
18
9
20
5
3
14
2
4
14
3
11
22
7
10
20
8
9
17
2
11
22
6
11
24
6
31
45
22
