6
7
2
6
7
2
4
5
0
6
7
2
6
7
2
7
8
3
10
11
6
4
4
2
5
6
1
8
9
4
27
29
17
27
31
13
25
32
14
252
253
247
251
235
141
108
76
42
109
69
43
126
81
52
145
94
61
154
101
61
155
102
54
141
83
35
125
84
22
150
110
13
138
103
13
144
111
9
158
128
4
163
135
2
174
141
8
189
154
8
181
140
6
222
182
10
234
195
9
241
203
10
242
205
12
244
209
19
242
209
23
247
208
23
247
207
22
246
205
22
236
196
8
236
229
70
237
211
41
245
215
41
249
221
50
237
201
138
163
100
59
206
139
87
214
144
92
39
31
12
9
22
4
17
29
12
14
22
9
9
17
2
17
29
11
13
24
7
7
18
2
14
25
8
17
30
12
15
28
11
15
24
14
19
26
18
10
17
9
2
12
1
26
38
24
22
40
18
13
24
10
13
22
11
11
22
8
5
13
0
26
37
21
14
27
9
