27
27
19
23
23
17
28
29
23
30
33
26
43
44
38
31
33
24
36
38
27
29
30
22
33
35
25
34
36
23
45
47
36
51
51
39
52
49
36
61
58
43
64
58
42
98
66
38
109
69
43
129
80
48
145
92
60
152
99
55
153
95
49
125
75
27
136
107
40
148
106
7
142
106
17
147
114
11
156
126
2
160
131
5
178
144
12
191
156
11
183
143
9
217
178
8
231
192
10
237
200
6
237
198
11
246
209
17
242
208
17
245
213
32
248
220
44
250
209
40
237
201
11
228
205
12
241
214
44
245
217
45
249
222
53
253
213
160
160
95
53
200
132
82
214
143
91
150
121
85
6
12
2
13
28
5
11
27
2
25
37
17
12
23
7
23
36
18
28
41
24
20
28
17
13
24
8
8
18
6
24
35
19
8
15
7
4
11
3
26
39
19
28
43
24
34
48
30
8
15
7
15
25
14
28
42
25
21
34
16
10
21
6
9
22
2
