108
100
87
100
97
80
90
89
69
87
86
65
97
93
68
82
88
55
61
84
28
58
89
22
63
92
25
56
81
17
58
82
24
75
85
43
86
85
57
89
83
61
86
76
55
104
68
42
111
70
42
128
77
46
146
96
59
145
93
46
148
90
44
168
135
78
163
140
67
152
112
16
140
105
14
147
114
9
157
127
7
161
132
6
178
145
12
180
148
12
199
159
7
209
172
4
226
186
8
228
193
42
235
195
5
249
227
30
236
206
14
253
236
43
251
219
39
248
206
28
254
252
121
237
228
71
241
214
44
247
217
45
249
225
57
223
184
127
147
85
46
179
112
67
201
129
79
204
143
99
19
22
14
8
10
2
28
37
19
30
37
19
20
21
13
11
16
3
16
23
11
16
19
10
12
17
8
14
25
11
7
18
5
24
34
23
11
21
10
17
34
15
16
30
15
21
31
21
11
21
12
22
35
19
12
25
8
16
28
14
13
24
8
22
34
14
