89
86
80
106
103
98
93
90
85
74
71
66
69
69
61
74
75
69
70
70
68
105
104
99
165
162
157
169
166
155
194
186
173
239
231
221
179
175
164
224
219
197
183
167
118
109
69
42
121
75
49
134
84
51
148
94
56
143
89
43
130
76
30
139
121
54
145
128
44
149
112
13
141
106
16
147
114
11
153
122
6
164
133
6
176
142
9
176
145
11
203
165
1
205
166
2
172
116
41
242
194
111
240
216
16
242
214
16
245
214
2
247
220
8
235
195
15
245
206
22
251
238
45
255
255
221
244
216
41
243
215
43
248
219
57
218
178
126
121
66
35
152
90
53
191
128
86
210
146
92
160
123
84
205
176
173
43
39
22
23
20
13
25
22
13
20
22
9
32
32
24
27
30
16
32
40
18
25
32
14
19
24
9
25
32
16
26
29
18
27
33
19
12
19
4
24
31
15
35
39
25
31
33
21
25
26
18
34
35
24
51
54
39
43
45
31
