174
171
166
172
169
164
168
165
160
168
165
160
164
162
156
168
165
160
163
160
155
156
153
148
152
148
145
155
152
147
143
140
128
157
151
139
160
146
132
128
115
99
128
93
68
110
70
44
117
76
48
138
90
57
150
98
58
131
78
36
113
64
28
135
117
89
128
100
59
147
113
28
143
107
16
147
114
9
150
118
9
164
133
6
163
134
4
175
142
9
192
156
5
232
210
13
102
71
24
238
217
28
233
213
11
139
106
1
247
232
52
246
228
29
254
235
40
247
229
28
250
227
23
245
221
27
250
230
46
242
226
79
244
219
56
182
141
87
103
56
29
173
116
78
208
149
109
224
164
122
131
117
83
192
173
135
151
91
55
245
248
241
65
62
47
50
48
36
53
50
41
42
40
28
47
46
34
59
57
45
45
43
31
50
47
38
31
28
23
46
46
38
58
55
46
44
44
33
41
44
33
45
46
40
40
41
35
38
39
33
33
34
28
66
67
61
