174
170
166
167
165
160
167
166
161
179
177
176
165
164
160
173
173
169
159
159
154
152
151
147
145
144
141
148
147
142
150
146
141
176
165
152
231
213
196
219
200
177
110
80
52
110
71
45
116
76
50
140
91
62
145
96
65
138
87
50
184
159
136
136
125
108
152
135
107
195
168
118
147
112
15
152
119
10
147
114
10
161
132
4
162
133
7
176
140
7
176
139
8
199
157
3
230
204
23
241
220
27
239
225
29
247
225
52
251
232
53
242
226
27
250
227
18
248
231
45
249
224
11
244
218
10
253
252
139
246
239
56
247
234
41
138
98
41
149
95
58
200
141
98
217
159
121
224
163
120
213
174
123
197
174
145
172
128
102
185
135
100
104
98
87
84
78
68
82
80
67
73
72
59
73
71
58
74
71
62
80
77
69
83
80
73
84
82
74
79
78
68
72
69
62
79
77
65
70
66
60
77
76
71
76
73
68
71
72
66
73
72
67
75
76
70
