234
225
215
204
202
198
189
188
186
186
184
185
207
207
200
231
226
218
214
211
203
174
173
173
187
186
187
185
185
185
190
191
193
190
189
191
189
189
187
182
182
181
100
69
46
102
66
42
107
71
47
126
85
57
152
103
71
161
110
78
168
116
79
157
104
63
187
173
153
170
156
137
150
114
14
153
119
11
148
115
8
160
128
7
157
127
3
177
138
9
170
135
3
192
157
7
246
220
29
237
210
11
248
222
12
246
221
7
244
227
34
241
217
13
246
218
4
244
227
34
239
213
21
252
227
10
248
225
12
244
228
39
254
233
50
245
231
38
192
130
83
214
155
112
224
166
128
225
163
115
206
163
119
161
148
116
234
213
170
146
137
122
228
199
150
153
150
133
124
122
109
107
104
94
109
107
95
107
107
95
101
99
88
92
92
80
100
100
88
88
89
76
59
58
53
71
71
61
99
96
87
100
98
86
92
92
84
81
81
73
88
88
80
105
106
98
