228
222
213
226
222
213
208
206
200
199
199
200
192
192
193
195
195
196
195
194
197
192
193
196
195
194
195
191
192
191
191
191
189
201
201
202
206
206
208
214
211
211
84
55
34
90
60
38
98
63
41
100
63
39
121
77
51
144
95
62
160
110
77
169
119
84
170
121
81
164
112
72
140
98
25
146
112
12
148
115
8
152
119
7
154
118
4
168
128
5
179
152
28
247
249
92
220
185
35
251
231
31
255
249
71
217
186
3
243
228
33
246
225
23
241
215
4
238
214
22
244
224
49
250
219
14
248
224
12
234
227
64
242
225
47
127
97
23
199
137
86
223
163
127
224
167
129
220
157
105
200
174
138
216
194
155
236
207
159
159
161
160
181
154
112
152
152
152
150
150
150
154
154
152
151
151
151
149
149
148
149
149
149
146
146
145
154
154
153
141
142
138
126
126
124
120
120
119
123
123
124
136
136
136
146
146
148
147
147
145
135
133
134
149
149
149
