223
220
209
204
199
194
221
216
205
225
220
209
225
221
213
227
224
215
235
228
217
235
229
220
235
229
222
225
223
217
224
224
218
220
221
216
215
215
215
209
208
208
82
56
41
81
49
34
85
54
34
86
54
34
96
60
38
116
72
46
125
81
53
144
98
65
160
112
76
160
114
78
166
117
84
162
115
74
144
97
43
149
112
14
152
114
6
155
114
4
167
125
4
209
176
32
213
177
36
238
225
53
216
177
11
252
238
48
242
229
45
244
222
18
238
211
26
192
173
6
228
210
20
243
218
31
249
224
16
253
251
109
228
211
81
145
86
28
214
154
100
224
165
126
218
162
113
212
151
99
157
132
101
132
130
126
209
198
179
174
174
177
173
177
179
177
177
180
174
174
176
171
172
174
170
170
170
165
169
170
164
170
170
164
169
172
169
172
175
171
172
174
183
183
183
169
171
172
165
173
172
165
168
169
168
169
171
166
167
170
166
170
171
165
168
172
