17
31
13
28
42
24
46
63
29
44
57
39
40
55
29
97
102
70
123
122
89
34
44
25
32
49
13
43
60
35
49
69
17
39
56
14
37
45
25
68
80
43
200
204
176
42
57
31
32
49
23
42
51
25
20
28
11
19
32
6
46
60
34
25
40
19
35
49
30
31
44
22
40
54
33
77
101
71
85
107
87
80
97
78
73
90
72
28
42
22
58
71
50
48
55
43
79
85
72
26
31
17
38
41
32
161
160
148
37
40
20
40
50
30
32
44
22
36
53
17
29
43
14
21
54
2
65
104
21
199
217
181
94
139
7
69
104
30
52
73
45
26
43
19
12
25
7
61
76
54
37
50
18
27
40
13
23
35
14
29
39
22
26
41
25
20
38
15
37
54
33
26
39
21
54
68
44
22
38
12
31
45
23
21
33
12
21
33
9
25
38
17
47
62
36
37
51
27
37
51
31
27
43
24
21
36
17
35
51
24
34
50
22
33
52
23
