206
206
205
205
205
204
205
208
209
207
208
209
212
213
211
212
212
210
211
211
213
213
213
215
211
211
212
209
210
210
202
208
208
201
206
208
205
206
209
207
208
209
93
67
55
84
52
33
83
52
32
86
53
34
91
57
35
101
64
42
105
67
44
116
74
49
129
84
58
136
92
63
146
99
70
152
106
73
160
111
79
153
109
74
155
110
74
164
116
73
168
118
68
173
119
32
174
123
8
205
167
13
177
132
6
188
159
6
188
161
11
249
240
57
242
222
20
238
213
24
189
166
8
250
227
21
251
238
60
248
236
60
251
246
61
152
91
19
214
156
106
222
165
122
216
156
106
206
149
103
38
24
13
248
208
182
190
192
188
194
198
201
199
204
207
197
201
205
192
197
200
200
200
203
223
223
221
230
230
222
227
220
210
227
218
211
222
218
212
212
211
207
198
198
198
192
194
196
187
192
195
182
187
190
182
187
190
181
188
191
190
195
198
189
194
197
