235
228
218
225
222
215
220
219
214
222
221
217
226
226
219
228
227
220
236
230
225
238
235
229
237
239
234
231
232
227
223
223
220
220
219
216
215
217
213
214
214
216
219
222
223
104
85
77
104
66
47
91
56
36
91
56
36
93
58
36
97
61
39
101
65
41
100
63
40
112
72
47
118
76
52
130
84
58
134
89
64
137
91
67
140
95
64
142
97
66
144
98
65
124
78
41
111
63
25
102
53
16
98
49
9
228
187
103
103
51
10
211
168
106
226
192
60
205
167
11
237
227
34
238
218
27
252
227
24
222
179
14
224
186
15
182
126
53
221
163
123
219
162
115
214
154
104
206
161
122
111
80
54
198
160
131
211
210
215
204
208
211
199
203
206
201
205
208
205
209
212
203
205
207
205
205
209
211
213
212
226
224
219
227
224
219
224
225
219
224
223
219
220
219
215
211
211
214
202
203
207
190
197
201
191
196
200
196
201
205
194
199
203
212
210
210
