148
148
148
194
194
192
207
208
203
207
208
203
220
217
211
224
222
215
231
228
220
232
228
217
233
229
220
221
221
213
215
216
211
200
199
197
209
210
207
205
209
210
202
207
210
202
207
210
200
208
210
221
220
216
109
71
52
97
63
38
95
59
36
99
65
40
100
62
39
101
63
40
103
65
42
108
71
44
111
71
45
113
71
47
120
78
53
127
83
58
128
83
50
118
75
43
111
71
36
98
55
23
98
53
20
107
63
24
112
63
20
122
70
20
137
82
26
70
60
10
232
213
25
234
208
11
241
225
31
208
165
7
210
171
17
213
155
109
224
166
126
226
165
120
214
156
110
175
157
124
133
111
87
163
146
114
202
207
210
201
206
209
202
207
210
198
206
208
200
205
207
201
206
209
200
205
208
200
205
208
202
207
211
195
200
204
192
197
200
195
200
204
196
201
205
197
202
206
200
205
209
200
205
209
200
205
209
198
203
207
193
198
202
197
202
208
