180
180
182
178
182
181
183
185
184
181
185
186
179
183
184
182
188
188
182
188
188
186
194
194
197
203
203
194
200
200
192
197
197
163
163
163
192
198
198
199
204
207
197
202
204
203
208
211
204
209
212
199
203
206
202
210
212
212
216
215
139
117
104
111
74
50
100
64
38
105
67
41
104
64
39
99
62
36
108
68
43
106
66
41
107
67
42
107
67
42
108
68
43
119
78
50
100
63
34
91
55
29
97
56
26
100
59
27
109
65
30
130
78
28
158
100
52
181
118
72
252
228
85
191
158
10
149
113
1
211
151
99
210
153
108
221
165
128
222
164
118
223
162
114
213
164
116
205
177
131
121
96
59
144
123
93
211
209
202
201
206
209
201
206
210
199
204
207
203
208
211
200
205
208
198
202
206
191
196
199
199
204
208
196
201
205
200
205
208
203
208
212
199
204
208
199
204
208
200
205
209
197
202
206
195
200
204
195
200
204
196
201
205
191
195
204
