166
167
161
173
174
168
182
183
178
179
179
178
172
175
167
181
182
177
191
192
186
196
197
191
207
204
197
210
209
204
214
215
209
179
180
176
196
196
196
190
191
190
186
192
192
192
198
198
171
177
177
205
210
214
197
203
203
199
205
205
190
195
197
204
209
211
223
215
187
141
112
37
98
65
20
110
71
38
107
71
37
111
70
38
106
67
36
109
70
37
114
72
42
116
75
46
101
65
41
94
58
36
93
54
32
92
54
31
100
59
31
152
91
48
178
115
66
93
38
15
163
108
63
185
120
75
184
128
85
193
132
88
226
173
131
222
163
118
217
153
107
221
157
111
220
195
145
179
146
97
235
216
177
47
35
20
211
202
176
199
203
204
216
218
220
217
218
220
194
194
196
218
218
220
202
203
205
205
206
208
201
205
208
208
212
215
203
207
212
206
214
216
211
216
220
194
201
204
193
203
205
207
213
216
211
216
220
200
204
215
207
211
220
204
209
213
