174
175
169
173
176
169
174
175
168
171
172
166
174
175
170
172
173
169
178
178
176
178
179
175
182
183
178
186
187
183
184
184
180
188
188
188
191
193
192
192
196
196
190
196
196
194
200
200
195
202
202
188
195
195
186
192
192
196
201
204
199
204
207
194
200
203
145
100
20
127
97
6
131
105
20
131
101
9
131
101
7
130
96
13
133
96
14
95
59
3
124
81
6
121
78
5
109
71
31
96
60
37
91
55
34
98
57
35
142
94
56
155
101
65
151
98
58
180
118
73
132
93
72
160
101
65
220
159
114
186
130
95
213
156
121
222
156
116
211
145
100
212
157
110
226
209
175
158
126
69
199
171
128
205
188
172
229
221
205
229
228
224
232
230
225
225
224
219
229
228
224
228
225
221
230
228
225
221
221
220
220
219
217
216
215
212
224
221
216
227
222
218
226
221
217
232
223
221
231
226
225
230
225
224
230
226
225
225
221
219
224
220
218
207
205
205
