184
185
180
187
184
180
202
199
194
189
190
184
206
205
200
187
189
188
199
199
196
190
189
187
187
187
187
198
200
199
196
198
197
197
195
196
194
203
202
196
200
201
196
203
202
194
201
201
194
200
200
196
202
202
203
209
209
203
209
209
204
212
211
205
213
213
157
106
11
134
110
16
148
123
5
144
117
7
162
130
7
142
112
7
163
126
4
132
97
8
158
120
5
143
100
14
129
85
10
101
66
29
101
63
42
92
54
35
134
85
53
173
115
76
175
124
91
146
97
59
172
109
70
12
3
3
108
64
43
219
166
128
209
144
102
194
131
88
209
147
98
52
21
13
203
178
126
162
141
111
148
143
126
201
186
156
220
220
222
213
218
221
219
221
225
221
221
220
223
223
217
230
224
216
242
237
229
242
241
236
249
248
239
254
254
246
252
252
242
245
245
237
254
254
246
253
246
237
249
242
233
247
242
236
239
232
225
241
233
227
237
231
227
231
226
222
