183
183
183
184
184
179
192
192
188
180
180
178
187
187
187
175
175
175
196
196
194
207
207
205
191
193
192
190
196
194
202
202
202
214
214
214
204
204
204
201
206
206
204
203
201
209
209
206
206
206
204
211
212
207
210
211
210
205
211
211
209
214
214
222
222
220
171
125
17
142
122
10
159
133
4
151
127
4
140
119
9
190
153
12
174
136
10
148
116
5
174
137
9
160
119
6
150
107
12
121
77
4
118
78
34
115
69
45
157
107
74
106
59
36
155
100
64
179
120
83
42
7
4
51
48
13
148
101
69
198
134
96
142
80
46
192
130
90
206
145
98
119
79
32
104
71
48
167
136
87
186
178
152
217
196
160
214
219
220
214
218
219
205
205
205
210
210
212
208
210
213
212
213
215
213
214
216
211
212
215
213
214
219
209
209
213
208
209
213
210
211
214
211
214
217
210
210
212
213
212
214
210
208
210
210
209
209
214
213
214
216
213
213
221
217
216
