181
181
179
193
193
191
190
190
187
233
226
219
185
182
177
189
188
184
197
197
195
195
195
197
197
199
196
197
197
197
202
202
202
203
203
203
202
202
202
227
225
215
240
234
224
216
218
217
201
207
207
201
207
207
204
208
209
206
212
212
203
209
209
210
213
211
185
145
21
144
126
9
157
133
4
143
122
4
171
145
9
190
158
10
175
142
11
152
123
1
193
155
18
174
134
9
164
126
3
136
90
9
108
65
1
129
86
5
123
75
39
159
106
74
190
132
100
191
148
60
107
73
39
111
69
45
112
64
42
105
46
15
196
133
94
161
102
62
209
147
105
88
60
9
162
135
72
65
49
36
209
183
149
175
140
113
212
216
219
214
215
217
210
212
213
212
213
217
210
210
213
218
219
221
212
212
214
211
211
213
216
217
219
212
213
217
212
213
215
214
215
216
209
210
214
217
218
222
206
207
211
209
212
215
207
208
212
208
209
213
207
209
212
202
207
209
