184
184
184
189
189
188
189
189
187
203
201
196
222
220
213
248
239
229
246
242
227
222
222
213
236
232
220
254
251
238
237
231
221
212
211
209
201
203
202
204
205
206
204
208
210
203
211
211
207
212
212
207
212
213
210
214
215
206
212
215
207
211
213
222
216
192
224
193
51
153
137
15
153
133
10
144
124
5
192
162
12
184
156
11
178
150
15
154
125
1
202
164
12
186
148
12
176
138
12
155
113
5
124
80
5
155
111
8
151
109
7
127
79
7
120
73
5
114
74
32
99
55
39
119
76
54
123
76
57
183
125
87
139
83
49
207
144
102
193
135
73
233
216
103
88
52
28
184
159
107
198
178
135
219
219
211
219
219
221
219
220
222
220
221
223
214
215
217
211
212
214
219
219
221
209
210
212
214
215
217
214
215
217
214
215
217
218
218
223
212
213
215
215
218
219
209
210
212
214
214
216
212
211
215
213
213
215
212
213
217
204
208
211
211
211
215
