23
36
16
29
44
25
34
49
28
41
57
28
41
54
27
38
47
27
54
57
28
29
38
21
18
27
6
43
60
33
67
83
47
39
54
27
47
66
37
46
58
36
44
57
35
57
69
39
23
41
19
29
38
20
26
38
14
37
49
25
37
55
8
30
45
17
36
50
27
27
39
19
24
37
13
27
51
6
45
63
37
48
68
31
28
41
24
39
44
37
201
202
196
197
194
189
134
126
116
148
146
131
170
149
130
241
224
208
198
178
167
172
155
139
99
93
79
98
102
87
31
44
25
38
59
20
30
50
4
55
78
35
71
85
62
37
52
31
80
92
72
35
53
28
46
58
36
23
36
13
27
36
18
20
32
12
25
37
15
19
32
14
34
47
22
26
37
21
36
49
31
26
41
23
29
42
23
28
39
22
9
20
4
44
55
38
19
31
12
24
38
13
29
43
17
12
23
6
38
52
27
16
29
11
37
52
33
48
63
39
42
58
31
39
59
31
