186
186
186
191
193
192
193
193
193
185
185
185
194
194
192
199
198
194
195
196
195
197
199
196
200
201
203
219
222
218
203
203
203
223
222
219
199
198
195
230
225
219
208
208
208
208
212
213
204
210
210
201
207
207
200
206
206
202
207
210
203
211
211
244
218
128
206
177
31
153
137
8
147
131
9
162
139
8
195
164
11
184
156
10
179
151
16
157
129
3
214
175
8
199
160
7
186
149
8
169
124
6
132
92
7
171
127
5
174
133
10
137
92
7
130
88
9
150
113
9
89
43
43
92
51
39
119
77
61
148
100
80
193
132
95
204
142
105
250
234
92
243
222
65
167
134
80
177
156
104
179
160
106
217
216
216
214
218
221
212
216
217
206
212
212
214
215
217
221
222
224
210
214
215
211
212
214
207
208
210
216
217
219
216
217
219
215
215
217
217
217
220
219
219
221
220
220
223
218
219
221
215
215
215
218
218
219
215
215
217
213
214
216
213
217
220
