184
188
189
188
189
191
191
193
192
189
191
190
186
186
188
191
193
190
191
193
192
195
197
196
193
195
194
207
207
207
205
205
205
202
202
201
213
213
213
197
198
198
198
204
204
194
202
205
191
196
199
177
183
183
164
168
169
71
72
74
39
41
43
222
177
47
211
180
29
159
139
10
152
137
8
174
150
13
191
164
13
189
161
15
175
149
13
160
133
3
217
178
12
210
172
4
192
156
11
171
129
8
138
98
10
178
137
11
196
155
13
158
117
1
144
101
7
160
123
6
147
103
11
46
26
10
69
20
6
95
46
39
164
114
87
147
126
79
233
216
66
246
222
58
169
130
87
184
163
112
192
168
120
215
210
194
205
209
210
207
211
214
215
215
217
218
219
221
214
215
217
210
211
214
211
212
214
215
216
217
218
219
221
210
211
213
207
209
208
215
216
215
220
220
220
220
220
220
213
213
215
216
216
216
211
213
212
215
215
215
210
210
212
206
206
208
