139
168
90
34
48
23
31
44
24
26
41
19
77
94
47
66
80
45
45
48
24
50
62
42
34
47
23
94
109
71
52
64
27
119
136
101
33
50
14
47
60
37
45
65
24
34
51
25
34
49
21
32
45
25
47
62
33
51
66
35
44
55
33
37
50
6
13
22
4
107
121
87
53
77
43
25
49
22
33
51
27
23
42
14
179
176
167
190
184
170
181
172
163
135
126
121
106
99
93
88
75
67
151
132
117
160
142
127
174
155
141
166
147
132
172
155
135
121
111
86
141
151
121
119
152
77
161
192
100
85
107
55
62
74
50
59
74
51
47
61
36
17
30
8
37
51
28
28
41
16
29
42
14
51
62
33
17
28
11
26
40
15
14
25
9
44
59
36
31
47
28
30
45
26
33
48
29
45
58
39
20
33
15
57
68
51
33
45
25
22
37
14
25
39
13
20
34
9
27
41
15
11
26
2
24
39
20
12
25
8
31
44
27
39
59
26
