28
41
21
61
75
54
183
197
160
56
74
34
23
40
5
88
108
56
106
119
90
40
55
33
39
55
36
41
56
23
241
244
226
28
37
5
50
57
40
93
109
79
38
57
25
45
61
20
20
34
9
49
66
32
17
33
6
31
43
19
34
46
20
32
44
20
22
33
15
43
56
36
23
38
17
44
57
37
48
60
40
113
112
92
133
127
105
153
145
132
87
78
69
88
81
74
68
63
59
88
81
75
112
103
96
108
89
75
112
86
69
163
135
114
124
93
70
164
136
98
133
126
76
133
145
108
63
97
5
11
26
2
49
63
31
47
62
32
65
86
42
77
100
55
37
48
32
23
36
16
27
40
13
33
41
25
31
40
21
22
37
18
23
38
19
34
51
32
59
76
62
23
37
20
18
35
16
30
45
26
10
22
5
61
65
51
53
64
47
26
41
20
16
30
7
17
30
12
9
20
4
36
51
28
17
28
11
24
40
13
30
45
26
23
36
26
